1001;Mantequilla;88,43
1002;Te;16,33
1003;Te;10,88
1004;Arroz;54,44
1005;Yogur;66,40
1006;Mantequilla;99,08
1007;Azucar;80,95
1008;Cafe;35,43
1009;Azucar;40,58
1010;Arroz;93,39
1011;Jugo;51,00
1012;Cafe;46,92
1013;Yogur;36,55
1014;Te;60,92
1015;Te;43,58
1016;Cafe;40,97
1017;Arroz;54,44
1018;Leche;41,94
1019;Leche;59,59
1020;Jugo;95,41
1021;Azucar;89,39
1022;Jugo;45,10
1023;Azucar;5,21
1024;Leche;75,94
1025;Jugo;23,01
1026;Queso;82,09
1027;Azucar;28,81
1028;Queso;30,80
1029;Jugo;53,61
1030;Leche;26,41
1031;Jugo;16,12
1032;Pan;46,16
1033;Arroz;60,78
1034;Cafe;86,23
1035;Pan;8,07
1036;Jugo;75,89
1037;Azucar;20,65
1038;Jugo;4,58
1039;Cafe;11,97
1040;Pan;81,46
